2.220446049250255272e-17 -1.387778780781387127e-17 2.818395999822118112e-16
-3.191891195794030697e-17 -3.885780586188027923e-17 1.042218036356716251e-16
-3.302913498262913420e-17 5.995204332975829689e-17 4.426231472566610081e-17
-9.251858538510608871e-18 -3.164135620181679229e-17 1.866988553255042641e-16
-9.251858538544301859e-19 3.219646771431978235e-17 2.157981539565035835e-16
2.405483219988123629e-18 -1.332267629550167307e-17 3.316821540498321308e-16
-1.508052941782535736e-17 2.442490654175348099e-17 2.481228716461701399e-16
3.978299171574187311e-18 -2.775557561562868548e-17 2.003900866994174325e-16
-1.323015771017970139e-17 4.218847493575590589e-17 1.488053749510434802e-16
-4.561166259508008559e-17 -1.226796442218412437e-16 -7.958225620471670086e-17
1.660708607667816722e-16 2.997602166480293585e-16 -4.156501350966132099e-16
3.551788492952348177e-16 1.320055176279692407e-15 1.140978125287094090e-15
9.566421729082158991e-17 2.500777362977310608e-15 5.779967272595585510e-15
-9.027038375988771617e-16 3.885780589787613793e-17 1.339681349889176503e-14
-5.878815952570755186e-15 -4.839295630883819922e-14 -2.394180684654676908e-14
1.360023205018060551e-15 -2.104799667894827259e-13 -3.246718210828199321e-13
1.981990497646692468e-13 1.077909983471583455e-13 -8.028736022629642571e-13
9.453964463145060310e-13 3.685630134419589493e-12 2.142953151899014909e-12
3.831370406951155015e-14 9.723730709540116149e-12 1.852720336384163887e-11
-1.369529499065820663e-11 -2.713034519254939991e-11 2.056323813956199655e-11
-3.105889073717843714e-11 -2.014563671439495613e-10 -2.057412622083206003e-10
1.337700888945827717e-10 -3.252744740379051276e-11 -6.895605384121558540e-10
6.154901161895793028e-10 2.586981981411780816e-09 1.494850471383653846e-09
-1.098112493894752796e-09 3.485297002688826087e-09 1.028056957291531219e-08
-8.387556069792121244e-09 -2.857254780551412685e-08 -9.125106246435467583e-09
1.189209150935835014e-08 -4.941158201064163733e-08 -1.183085883380073248e-07
9.309218040537606054e-08 3.211811375746163682e-07 1.048053349177797447e-07
-2.050335326220907530e-07 3.210271945545823241e-07 1.133851248782606807e-06
-7.102766822597879821e-07 -3.521760116022538755e-06 -2.123678132333118969e-06
3.313579957029317457e-06 2.598163773089119878e-06 -6.900418357826736795e-06
-1.060001040898385143e-06 2.501516792609675797e-05 3.085007407774369273e-05
-2.572587033448679725e-05 -8.454818163152784264e-05 -2.254232628524951610e-05
9.304911767350410230e-05 7.384098844519209465e-05 -1.436238991605817965e-04
-1.639625430823201898e-04 2.819211171536860306e-04 5.862686413757896417e-04
8.780324315301370078e-05 -1.401549971648584922e-03 -1.290823148648537894e-03
2.683309605654223429e-04 3.770015681481811345e-03 2.223561523291441196e-03
-8.247916789792860554e-04 -8.319574946685536973e-03 -4.136275126805346626e-03
-4.531580004568228938e-03 1.188388452631146050e-02 9.052876543467520618e-03
4.405658121657987647e-02 3.199977321540244113e-02 1.793793369523811196e-03
1.081025336708067164e-01 3.116684055888781571e-02 -6.425143701160227448e-04
1.669396996030228231e-01 2.764793019238908495e-02 -8.325793349597391570e-04
2.185619569380718441e-01 2.396567184024092287e-02 -8.589610645402159361e-04
2.629382930201122348e-01 2.038333531315171532e-02 -8.948173831429398007e-04
3.003061224551314967e-01 1.702016228473589299e-02 -8.486355282732369314e-04
3.310148987126328990e-01 1.375758833786542602e-02 -7.309052417227346115e-04
3.555524888934799010e-01 1.074988985481930420e-02 -7.626828612679047463e-04
3.742433473411789779e-01 8.029716140830559998e-03 -6.279712238535392838e-04
3.877538612871462842e-01 5.464636163339289289e-03 -6.414661624234085317e-04
3.964191106690568844e-01 3.253890912088828243e-03 -5.716915280169520327e-04
3.989791688302524175e-01 -8.493331391191037910e-04 -9.189773973482859683e-04
3.985406540543564580e-01 1.057121135997707648e-04 -1.218365614155025563e-03
3.983692271142096897e-01 7.043128593290296077e-04 2.609930478678713418e-04
3.983914846679094124e-01 3.014650615668881448e-04 1.545872519682849923e-03
3.982802716949483957e-01 -1.266882575590542071e-04 1.750473342676153081e-03
3.983729662819324169e-01 3.930235553122083205e-04 1.794017860872011228e-03
3.983585036002509350e-01 -1.283168900273407151e-03 6.446795171987153858e-04
3.981312028837982187e-01 4.425189086344112903e-04 -1.117295299874046088e-03
4.010631139446709237e-01 5.241073305994015455e-03 2.082670125399912250e-03
3.747235322621501052e-01 -4.951732385762952493e-02 -2.195546075991870738e-02
2.501419571105768513e-01 -4.331932484639264280e-02 2.524298300872844167e-02
2.337399671964125458e-01 7.976702132783090524e-03 -4.404061245944232775e-03
2.353868968111893500e-01 -2.139356209511264484e-03 1.990933225656141194e-03
2.354056581202196852e-01 1.510876448430224566e-04 -7.706978444239239974e-04
2.354452616186686886e-01 -7.245973358348590013e-05 -3.813806556551990355e-04
2.355138244392772084e-01 2.499658278229024543e-04 2.727049174633210506e-04
2.356081552998317286e-01 6.860530554960971375e-04 1.762238162614685345e-03
2.329787153507686392e-01 -2.420109517150377792e-03 7.948193117524603862e-03
2.065533193817001290e-01 -9.711619103855714807e-02 -1.433408885594470716e-01
-3.333258394477189163e-03 2.454512301019854195e-02 -1.805892820233385293e-02
-1.248953687444257030e-03 4.331361879371208382e-03 4.240547329672319826e-04
-1.814456798095192462e-04 4.314692539272583149e-04 9.290114274605655196e-04
-1.622139666825499462e-05 -8.994699255585575885e-06 3.255526838505392413e-04
1.032212419250712954e-06 -2.026914163561799353e-05 8.576073316521495946e-05
1.038361871380230919e-06 -7.353781138187693801e-06 1.967763288227500695e-05
3.548699142026137284e-07 -1.998352744674439712e-06 4.099640042085086030e-06
9.407802706617875937e-08 -4.704537837537314663e-07 7.840291549149727338e-07
2.182456406525297166e-08 -1.001721873437546586e-07 1.364217121912364448e-07
4.588616842157672718e-09 -1.947431396518091445e-08 2.083055305625566292e-08
8.780530242011843569e-10 -3.424329934675377231e-09 2.511353750085786047e-09
1.512110755009689817e-10 -5.300140627065888391e-10 1.337582762722355815e-10
2.281519207348679851e-11 -6.705356846122179121e-11 -4.689378391386297431e-11
2.775088920215855351e-12 -4.819255064369414636e-12 -2.300884198689931730e-11
1.630356613560693937e-13 8.278010221934625678e-13 -6.977628955087005899e-12
-5.216750642667664515e-14 5.264150920763878301e-13 -1.769423355040518830e-12
-2.892413160851627629e-14 1.723442916164210023e-13 -3.977144167710352653e-13
-9.870056161296684583e-15 4.491462757283206700e-14 -7.962925328261416449e-14
-2.817514740040158777e-15 1.001296268122946301e-14 -1.417371247437557170e-14
-6.607561720002872947e-16 2.108729857398189885e-15 -2.303952010717034261e-15
-9.773432063656498299e-17 3.711614349199022569e-16 -2.973873473368788696e-16
-9.621932880068811438e-18 4.503342143621498808e-17 6.780592387912433926e-18
-3.966734348384428384e-18 -1.179611963711838090e-18 4.680378948683778054e-18
3.041548494545996513e-18 0.000000000000000000e+00 -1.329321907953218555e-17
0.000000000000000000e+00 0.000000000000000000e+00 -4.801534649386838007e-18
0.000000000000000000e+00 0.000000000000000000e+00 -1.122616431694553801e-17
0.000000000000000000e+00 0.000000000000000000e+00 -7.427252861326463851e-18
0.000000000000000000e+00 0.000000000000000000e+00 -8.768045139792687718e-18
0.000000000000000000e+00 0.000000000000000000e+00 -6.477524997426489721e-18
0.000000000000000000e+00 0.000000000000000000e+00 -5.862995203157380063e-18
0.000000000000000000e+00 0.000000000000000000e+00 -7.818317275892574151e-18
0.000000000000000000e+00 0.000000000000000000e+00 -7.538985551216103876e-18
