-1.563564093007401066e-17 -6.217248937862877542e-17 5.216576721126291675e-16 5.059610138293509825e-16 -1.052989532853691692e-16
1.081542263155005833e-16 1.043609643151420432e-16 8.411830398350932018e-16 -2.307182223063001889e-16 -8.843095204852871662e-16
7.864079757751895640e-17 1.021405182655193119e-16 4.320965667130893928e-16 -6.516777858100084668e-16 -8.675938239713592656e-16
-1.177761591955880717e-16 1.931788062847751909e-16 2.081656422651552053e-16 -7.973945577920541491e-16 -2.173453777644595942e-16
1.185163078788632936e-16 -1.082467449005705078e-16 -3.202166548567150676e-16 2.630997271898137541e-16 5.788124761796914702e-16
-1.576516694968983893e-16 6.439293542863882515e-17 8.947453815766166291e-17 -1.578598363138866846e-16 -3.530936710626594034e-16
2.183438615102381094e-17 2.220446049269191632e-17 1.811032612501316450e-16 6.071532165918844552e-16 -1.800351274986397782e-17
1.149080830487669991e-16 1.137978600246510760e-16 2.925272007170165853e-16 -5.464378949340865742e-16 -6.722962141833305545e-16
-1.555237420330022351e-16 5.662137425625946841e-17 8.475845039143212420e-16 5.626286473737602464e-16 -6.906940648844849732e-16
1.110223024638024125e-17 -2.470246229785244792e-16 1.025810531654295431e-16 -8.338237507875753811e-16 -3.734126510245585449e-16
8.780013753061351421e-17 7.438494265026168069e-17 -7.208691550404305723e-16 3.885780586201952551e-16 5.782614440700161083e-16
-6.596575137971750490e-17 -1.232347557330078418e-16 -4.869779700347050949e-16 9.714451465887264445e-17 9.639711486732069087e-16
3.219646771346320883e-17 -1.004751837302963004e-16 -5.545868002692256932e-16 -1.938842604988966291e-15 -2.939926201628434840e-15
4.559315887808588631e-16 1.148525718975678639e-15 2.344980615578552937e-15 6.593683932171175135e-15 1.783150559256376414e-15
-7.877032359684399328e-16 4.335420911311608246e-16 -6.695509509498337217e-15 -5.359139058319087216e-15 2.802982898921090788e-14
1.868505350442552973e-14 7.516209876641617113e-15 2.136677219279866421e-14 -5.730716827061484867e-14 -1.648204404182874694e-13
1.881272915352104680e-15 1.160571638820648237e-14 -3.150824375320692262e-15 4.544987071899059252e-13 6.617924407392532574e-13
9.951761636443252895e-15 -1.330441312684589094e-13 -3.313900222411921373e-13 -2.193102181342772529e-12 -2.073427854615792574e-12
2.410024032211998399e-13 7.714534566745800202e-13 2.293893708842984182e-12 8.581369989601113688e-12 5.063013312980293603e-12
-1.294343243702919136e-12 -3.411173565844966462e-12 -1.124376266517313600e-11 -2.971087669866841898e-11 -8.044595396447579602e-12
6.113254532242220127e-12 1.342186362054144762e-11 4.743504623257783931e-11 9.614271994244041424e-11 -3.813391166452545268e-12
-2.469762866448131091e-11 -4.963527810991136921e-11 -1.851972438302352701e-10 -3.070769558760055372e-10 9.712839026935410503e-11
9.297404004111843328e-11 1.773296165465397709e-10 6.927047986677422606e-10 1.027422960940214954e-09 -4.910614518385748697e-10
-3.276712083156264182e-10 -6.137263885993236499e-10 -2.511341555926044551e-09 -3.758721005144727917e-09 1.664281478596613171e-09
1.063784988619255770e-09 2.003855050229277736e-09 8.713356445760071006e-09 1.493770533940409333e-08 -3.405853414648880228e-09
-2.963573471361852255e-09 -5.730240723607752539e-09 -2.761197095495912233e-08 -6.095803351721266048e-08 -4.361819523192543765e-09
5.552793277922015536e-09 1.150137084357028686e-08 7.089845304892215418e-08 2.360519505723153659e-07 9.296414279729404442e-08
4.474403053641152604e-09 3.821735685429589414e-09 -8.783602646694728880e-08 -7.866762283944583493e-07 -5.975655758145804274e-07
-1.016103342701061165e-07 -1.732105158808157604e-07 -4.230695236023478458e-07 1.872754288210225823e-06 2.571775422558228257e-06
4.974603638938560837e-07 8.409190757322251701e-07 3.517577636328966610e-06 -8.893851591902342435e-07 -7.178094030402572403e-06
-1.121897487750738110e-06 -1.512256192025721658e-06 -1.167936160832072310e-05 -1.660181553822298508e-05 5.857618220291408199e-06
-1.082837127402515702e-06 -4.593365566047667374e-06 5.069642095294872122e-06 6.997385003802633889e-05 4.810225687770149105e-05
1.235807169156582839e-05 2.485367627719523514e-05 1.029841863312039811e-04 -2.560349351659358750e-05 -1.732402220251005496e-04
-2.950550025289934347e-06 3.126860956748952873e-05 -1.689213841488474072e-04 -5.352405219791120383e-04 -1.422924395929244792e-04
-8.044074095523543627e-05 -1.966680827327258027e-04 -8.381132995704551700e-04 1.221842602579100118e-04 1.127302095644494660e-03
-1.389996695084647830e-04 -7.194310860785484542e-04 -3.401937854663633653e-04 3.135894565315790888e-03 2.174228149254791090e-03
-2.392165411008588842e-04 -1.516460183359735672e-03 2.481879668181372414e-03 6.979084147634291926e-03 9.877202705634814325e-04
-1.749570401479306168e-03 -5.189269374541121901e-03 5.112536540894965960e-03 1.311545813171876261e-02 1.587264810044979784e-03
3.501202277881662606e-02 3.559821998431379059e-02 5.735959488674964970e-04 -1.904254717133668827e-03 1.642564118208590055e-03
1.037655520571891810e-01 3.259504827497469726e-02 -9.867513545115890426e-04 -3.554359471898793199e-05 -5.529265165827328734e-06
1.649064088141705131e-01 2.853211437102657483e-02 -1.011567712995268403e-03 1.234131121161928444e-05 -1.296359955308733866e-05
2.180005023801901698e-01 2.458877079209469824e-02 -9.638952942614613210e-04 6.524810252394975811e-06 7.676537888243215675e-06
2.634271859254222470e-01 2.087216945078867320e-02 -8.984441848218244903e-04 9.612580723598075289e-06 -4.450542061415864377e-06
3.016497776502636841e-01 1.738534191256953243e-02 -8.428167085237188915e-04 -2.119478496312732738e-06 3.414615817383406267e-07
3.329846770093798924e-01 1.390468652685170753e-02 -9.144136739028776084e-04 9.074142564982322638e-06 2.333868599098373988e-05
3.574017945357600423e-01 1.061196340154656019e-02 -7.320935376579398293e-04 2.670963146117298756e-05 -3.913118966074614541e-06
3.758076463586108029e-01 7.829386984216705342e-03 -6.491601302581965615e-04 1.826250294966366944e-05 -7.186097670947106209e-07
3.888379665855531409e-01 5.193023379002499260e-03 -6.210425352637250884e-04 6.368222216839421407e-05 3.997851985833301270e-05
3.970461558444733918e-01 2.853450571102452652e-03 -1.231085920458811203e-03 -9.694909764601267752e-04 -4.204688449673006775e-04
3.984857548247650039e-01 4.042551265419552027e-04 2.409816154017877183e-04 -7.743127100048335541e-04 2.377273225360327085e-04
3.984691507217255069e-01 7.648798538689000580e-04 6.870255788292149897e-04 -2.821550554684163978e-03 -2.214023294979129957e-03
3.984141599544086532e-01 7.756681792553409048e-04 3.290598456270795173e-04 -1.028755043521220602e-03 -6.085832943969649196e-04
3.984059252971568488e-01 6.880010450634998489e-04 2.873336494179821944e-04 -1.599993510358426168e-03 1.439380683597340713e-03
3.984001205555607883e-01 7.203657207346061573e-04 -2.363156028894743360e-04 -2.995397626188455592e-03 1.042827937084835803e-03
3.984243357462501911e-01 8.528653003611555037e-04 -8.595966861647043886e-04 -2.904219590480465289e-03 -1.035296588559146951e-03
3.984137411801844109e-01 9.571696539230294511e-04 -6.320317604394140414e-04 -1.571158207027863185e-03 -2.130066111748718256e-03
3.980361269607641805e-01 3.680904856236945312e-04 8.029862747826560466e-04 1.085575239431856368e-03 -1.533998551129443040e-03
3.972387599801043834e-01 -5.175482498861201826e-03 -1.482827144787296665e-03 9.394185704034765591e-03 5.066769285353060238e-03
3.888107401225099347e-01 -3.575592548778137175e-02 -5.936083127690892913e-02 -1.793686059231833566e-02 2.522699276989895378e-02
2.424279391641921133e-01 -2.321840931769345029e-02 6.026731092459721578e-02 -2.598399520265302909e-02 -8.116584243672082116e-03
2.356587151540347203e-01 9.645047396085887088e-04 1.578288183704494585e-02 -1.342190113924479969e-02 -9.015913095718209799e-03
2.352371305770680765e-01 5.388936901505843920e-04 4.480138997725896521e-03 -8.117428792371931406e-03 -1.077350289820891817e-03
2.349938981489309298e-01 -1.516253820744837069e-03 -1.358529872236653160e-03 3.919825114105783027e-03 4.743803384499437059e-03
2.359139469789166832e-01 -1.413525459911009561e-03 -1.337850145376861177e-03 -4.934809846395600162e-04 -1.023306808198486476e-02
2.357185729507812744e-01 1.820674026983257632e-03 -1.900908050744603162e-03 6.992349072539572573e-03 6.198396977111814317e-04
2.349080208952228910e-01 1.292956705213000245e-03 -5.149923769505660625e-04 -4.385995769816984635e-03 2.289438732371664939e-02
2.352434879821017344e-01 -1.597051794685318575e-03 3.813359731320771408e-03 -1.076453954498944772e-02 -4.271558336046011282e-03
1.996796731920150447e-01 -9.471165400181698335e-02 -1.690533232642255357e-01 -2.247225857643820879e-01 8.831786243681027937e-03
1.042341396904617693e-03 5.230101207027585200e-03 -1.336199415511563245e-02 6.873439605748128678e-02 -5.757062164091467094e-02
-6.034607812635614391e-04 1.547174852984681704e-03 -3.142384989809609511e-03 4.827395626280835302e-03 1.175984512554235049e-02
8.406151872919417832e-06 -2.712391688549448338e-04 4.323696694061260641e-04 -2.650490400918445715e-03 5.768506795448754242e-03
2.871532717046439793e-05 -1.176450742650177628e-04 2.092781126074256875e-04 -6.790450881788068953e-04 6.454437288889554791e-04
5.026156810822698615e-06 -1.208677378062576106e-05 2.299191737755011558e-05 -3.000884957236232467e-05 -8.271682826608259037e-05
-9.434125418420501515e-08 1.822019439901171252e-06 -3.021869500917828523e-06 1.737691023504787555e-05 -3.502841958874594743e-05
-1.814997604624378297e-07 6.880608123027546315e-07 -1.246448106766427445e-06 3.768130319936797633e-06 -2.818677381090489179e-06
-2.549232648223835843e-08 4.600224164677336599e-08 -9.376791709317366354e-08 -2.212837321477274714e-10 7.580223706766701919e-07
2.219054682452747543e-09 -1.679000537752660641e-08 2.844429795898601833e-08 -1.328144139856447307e-07 2.232761968457831401e-07
1.275759537076087105e-09 -4.440532042414336471e-09 8.084565346558790199e-09 -2.218360520559584230e-08 1.034581466845124471e-08
1.334128210441934696e-10 -1.516756789561648882e-10 3.403974715658816267e-10 9.627161518371443319e-10 -6.069422890629258384e-09
-2.178646352469078920e-11 1.272834393446508253e-10 -2.206819975834347748e-10 9.162598745433132316e-10 -1.356279372196407180e-09
-8.204552326885624386e-12 2.619601063841286038e-11 -4.835634756167601122e-11 1.188412932147438581e-10 -1.472496741491003083e-11
-5.919656084685353988e-13 -1.469604299685647867e-13 -2.278432298665124696e-13 -1.276868866735024968e-11 4.493927728426212790e-11
1.892256837346443692e-13 -9.308489395986228568e-13 1.646502484983228593e-12 -6.095894694702841659e-12 7.669243653771739051e-12
4.764042170013321263e-14 -1.447405389981417793e-13 2.676565398557703614e-13 -5.650921715462545846e-13 -2.531362243430565923e-13
4.840572386826225272e-16 7.240666399995043619e-15 -9.148326909875665128e-15 1.120723884077828211e-13 -3.104091633486139591e-13
-2.537646019252630471e-15 6.770903282509128143e-15 -1.136155394736643784e-14 4.028663976493402545e-14 -4.381630074674244773e-14
-7.360200412102744136e-16 1.023625628699394404e-15 -1.619477061479078280e-15 2.160959490014567901e-15 4.021022474490258946e-15
-4.535723648492497514e-17 2.380040608933059221e-17 1.103673875603209881e-17 -8.409072049865271447e-16 2.036693540552280457e-15
1.621388208884419526e-17 -3.441691376345142931e-17 7.210409322968144107e-17 -2.281884172354353353e-16 2.420677994988088682e-16
9.864794166716985412e-18 -7.424616477133403141e-18 1.178842488658568309e-17 4.553649124959909339e-18 -6.505087545082775284e-17
-2.266705341954607357e-18 -2.137179322403322852e-17 -2.027301774365335989e-17 -1.062518129018453272e-17 -9.768510617348437174e-17
4.799401616872950259e-18 3.781697177626917699e-17 3.181921210598406780e-17 2.428612866350191016e-17 -1.022329654593701433e-16
-2.208881226073111264e-18 -3.705369344686229976e-17 1.680418861370885040e-17 -5.312590645178965564e-17 -3.880606605507322550e-18
-9.020562075078936517e-18 3.629041511743346384e-17 -1.737755783063708064e-17 3.541727096786040213e-18 2.330060223781082783e-17
8.211024452960708061e-18 -1.304512053929703977e-17 -1.112437970970250992e-17 -6.577493179744944953e-18 -7.117990197260790243e-17
-3.897345409369239111e-18 2.602085213967529769e-17 3.537304203891746588e-17 4.047688110786169647e-18 -3.297611399539512676e-17
3.215020842143457050e-18 -4.052314039881787994e-17 2.479039430052736869e-17 3.541727097133221441e-18 -4.608892177146449959e-17
2.775557561602792825e-19 -3.608224830055745182e-18 -2.504144505028410287e-17 4.300668617508488765e-17 -6.523473385228482674e-17
1.078998002056761689e-17 7.424616477180745581e-18 -2.052220482266903197e-17 -3.035766082959418578e-17 3.941320005928599618e-17
-7.702172233337207526e-18 1.110223024622768449e-17 -2.521374329165830477e-18 -4.604245225856476337e-17 5.012354432459870107e-17
